id,alt.atheism,comp.graphics,comp.os.ms-windows.misc,comp.sys.ibm.pc.hardware,comp.sys.mac.hardware,comp.windows.x,misc.forsale,rec.autos,rec.motorcycles,rec.sport.baseball,rec.sport.hockey,sci.crypt,sci.electronics,sci.med,sci.space,soc.religion.christian,talk.politics.guns,talk.politics.mideast,talk.politics.misc,talk.religion.misc
dataset-full/test/comp.graphics/11949,0.025909100204970496,0.19851167173728934,0.035754659758339295,0.03974643567665466,0.04579463053961177,0.049684664863880734,0.04864292852208732,0.04705806526513857,0.06845444806255699,0.026984883263531337,0.02791030053218182,0.0820652099320714,0.06077195270800786,0.04747495273478662,0.04575503187814305,0.057418194793528506,0.03763625674604387,0.029065444355636908,0.01713866081301151,0.008222507612531712
dataset-full/test/sci.electronics/16082,0.012836481140430277,0.02278251268614618,0.03413739649647352,0.01966903660052996,0.0203106822683898,0.018803914010204984,0.015546143733707286,0.03574859914869757,0.050606188579895475,0.04371452731902112,0.0316740099598201,0.035516900330468615,0.15451829693186186,0.12634764584388658,0.08873487046814606,0.21058755626055037,0.033356736727738694,0.017013361975648855,0.021749776632465526,0.006345362885913096
dataset-full/test/talk.religion.misc/18781,0.04493122675014091,0.006659983430472869,0.009841346531272806,0.010177450352568146,0.009269555690290107,0.007780585386749497,0.0038567638793288255,0.026207522961934897,0.023390468319040597,0.016331058486757,0.01670657818370988,0.07325350225182413,0.016345530701308883,0.028017238855113386,0.021810984801118965,0.4928980041671618,0.07302128903161356,0.043309886457697455,0.03670409409192896,0.03948692966997272
dataset-full/test/rec.sport.hockey/15273,0.0134037036611219,0.006441197509822208,0.007089563539913427,0.00758137636419163,0.009630921811443328,0.004236055982481874,0.005081038818276166,0.0185019155586292,0.025186799363284978,0.06884950120706979,0.6933787685786446,0.019159465516205666,0.010026282470842062,0.013246336475203142,0.017106861959810996,0.033179891271901796,0.02145225851751169,0.011005202504878188,0.011207616232961244,0.004235242655806065
dataset-full/test/soc.religion.christian/17500,0.047583400282518604,0.005526072998036191,0.00443161658698782,0.005932899203846442,0.0054308900546053635,0.003715507679346385,0.0023800801940967206,0.021273337430841362,0.013124252508944919,0.014903418743188634,0.009851021568203095,0.03562800707881309,0.011558617467404095,0.021612707290280985,0.015923258054424433,0.6974672719276201,0.03624667069646054,0.024201394132883303,0.013164925921254539,0.010044650180246669
dataset-full/test/rec.sport.baseball/15042,0.008522666443627197,0.0007341037838646199,0.0006894041570883985,0.0010054363344502689,0.000993875329389451,0.0006331527131075043,0.00017426090577986602,0.00839884069154462,0.004044329326184809,0.7565465104442144,0.11167777102697886,0.015322900694544592,0.0023063991940720876,0.010334639872302456,0.009142911925037923,0.031749959789242485,0.0251335484170022,0.004871114705317609,0.006926067204647403,0.0007921070416171143
dataset-full/test/rec.sport.hockey/15336,0.0135981471907948,0.02084121442083693,0.026907296692321895,0.029882310138727428,0.02790469903705064,0.021881902187324907,0.03339202137381668,0.028261433179899965,0.022853762785240907,0.04271891316753554,0.5451511778149482,0.02120782928441084,0.026305091435581716,0.018354136749387403,0.02484561386994582,0.02112551479281563,0.025532756277540692,0.02220943514242394,0.017143043901075416,0.0098837005583278
dataset-full/test/sci.space/17070,0.018589061585766845,0.02837755283115104,0.026253586619196825,0.026852266604158365,0.022499683129115624,0.04313688820145708,0.012433365239919723,0.022176055327214953,0.02039131314034654,0.01856024134341612,0.016909875765574373,0.04922242016406551,0.02851277356015986,0.0306892842550658,0.5191702235666948,0.036766535953337655,0.026752322382690753,0.024354098708665402,0.016812706944380796,0.011539744677628578
dataset-full/test/rec.motorcycles/14705,0.020147782428976878,0.0034354274365814715,0.00446002581634571,0.006772603652841941,0.007509923816744743,0.00436955294836077,0.0017067229624621472,0.04019770894469726,0.6025019392719885,0.010602376580381519,0.009134166105192021,0.05034939143310031,0.00827175149742281,0.059280324339537505,0.01013645972348199,0.07491302971419378,0.054789431601711465,0.015083503050033571,0.012020880159174166,0.004316998516766549
dataset-full/test/rec.motorcycles/14644,0.02049276407740321,0.004227975836806233,0.003792506268344163,0.006744553277622165,0.006682777611328631,0.004281637299792606,0.0022034032835567207,0.034895225053897486,0.5684037527502948,0.016004907647004046,0.02019208927006943,0.04004788835488546,0.009547593723784187,0.02304391285874663,0.015712782519990805,0.05538688742873381,0.08964887020916366,0.023921706840506415,0.049862790596751694,0.004905975091324242
dataset-full/test/talk.religion.misc/18752,0.06506903144799266,0.02940029557135935,0.02916468989629491,0.03348825496214952,0.02797305974950167,0.029175426053586778,0.014730505367725409,0.08348654811797922,0.06809063952185254,0.03302549927525106,0.034116250684287315,0.089312343098862,0.0352117102550794,0.06859255935470818,0.05211341320695606,0.09790328486765879,0.06090654027294423,0.05307451386538439,0.04287155769258365,0.05229387673783746
dataset-full/test/rec.autos/14273,0.03062713200506123,0.030607326010354458,0.028445084831717305,0.03229549494323622,0.03691476919670719,0.02447932119977318,0.024470694722728586,0.242036228098025,0.05181057748977657,0.03905043776787616,0.031872796972120754,0.05891518031365203,0.04442594473462717,0.055624961158093005,0.06179573394840944,0.05608488415799656,0.06961937071593212,0.0332513584840225,0.03048654859830673,0.017186154651586127
dataset-full/test/sci.electronics/16228,0.02087207100056142,0.06319583013136734,0.03991377822400042,0.06510375433342502,0.1948791677599341,0.03705372096210292,0.025590764655975404,0.06121391712735288,0.03087101845891899,0.017055761182676422,0.017003183559595684,0.056829686300184624,0.15309841298329482,0.0377593425326178,0.05436735832642579,0.053235727190131164,0.03143635429998344,0.018683160893491656,0.015307248791805459,0.006529741286151811
dataset-full/test/talk.religion.misc/18694,0.0462543768898212,0.027123010998029055,0.03048372645452501,0.04030771770230991,0.036262274573977245,0.0332643489181817,0.024640119544387003,0.06127394154738568,0.06743377040985363,0.053083753795128766,0.05170613148448152,0.06105015317753029,0.05415827795806102,0.05109281426732715,0.06011357854946027,0.06532334710202903,0.06922606716568368,0.06606127675093149,0.05589489506811658,0.04524641764277723
dataset-full/test/comp.graphics/11716,0.04497062729994148,0.05972853791418574,0.0695040009151304,0.10470335388580576,0.1295193927243435,0.04619382474667215,0.01446169059302762,0.051443655173407495,0.03665814284947496,0.025697802944205126,0.01824058600558823,0.05291403154818454,0.04268930381889417,0.03949470897901177,0.05011601715565065,0.08294899919546614,0.04413435775604728,0.03921364990262956,0.03340195166241301,0.013965364929920336
dataset-full/test/rec.sport.baseball/15153,0.015070636666988931,0.0036142093951853594,0.0033408193195775164,0.004664667085177457,0.003963038776951024,0.003102335382691266,0.0009492028318661234,0.011616431849490913,0.009124167173465928,0.5843482630619443,0.17747578050179155,0.031791391183628635,0.00716851843111188,0.014989828182702176,0.018865590390819968,0.05559323913433151,0.028590389653338495,0.010229173707185454,0.012421615603981633,0.003080701667763686
dataset-full/test/rec.sport.hockey/15567,0.012002500480677674,0.0032197415064245767,0.00399379204821148,0.00507859253913785,0.0051648251594992945,0.002480090964112023,0.001879837335292752,0.018250152683952556,0.01618648679391205,0.040179577633298116,0.7581396220041068,0.01805782187702569,0.006653656811932979,0.011204382125972917,0.008178789040688033,0.034726993587817036,0.026393511536072015,0.014192915506063787,0.010592114446693893,0.0034245959191017785
dataset-full/test/talk.politics.misc/18382,0.019753811818210777,0.013348269892209955,0.013330054156348265,0.01617612422380833,0.016378884742626738,0.01070260882896641,0.005931541798497874,0.027835083710377566,0.024468035128462195,0.01699511761505483,0.015080781967940696,0.25924475400108055,0.02205479538826114,0.036419657118906136,0.030424090043871903,0.03783061963771469,0.07094654594215939,0.04607046383598455,0.3085501916979919,0.008458568451530474
dataset-full/test/sci.electronics/16035,0.015121191901098396,0.02884498865257498,0.04521180638398991,0.08473454504413935,0.03902445872293177,0.03146637869277391,0.008830312574183796,0.0375870477351356,0.019465907910973804,0.008329705349015176,0.006188379068773171,0.4274961859530131,0.07831046246282057,0.0207478307427026,0.027933908007066646,0.05105053532038709,0.039146759662040995,0.014204215426742049,0.012371525730829898,0.003933854658800249
dataset-full/test/rec.autos/14343,0.03670368759407561,0.025916408241887845,0.02467999287507653,0.042249558103949536,0.032482076039062446,0.024284710572391826,0.012051458013509653,0.15844006364982635,0.06557247245583878,0.031682954996447917,0.030508920660272533,0.07161834073033368,0.06378627581430112,0.05985164058990121,0.04847870769457628,0.06563268899225021,0.10244739112756827,0.0426963397148344,0.04408409295416502,0.01683221917973038
dataset-full/test/alt.atheism/11417,0.5733567032737917,0.0007231625792284748,0.0007605238701949029,0.00107020304678737,0.0011300972264332747,0.0008162627971875557,0.0001447924917398204,0.005632677407514707,0.0033535264055936536,0.0033178756912473563,0.002198139353866041,0.024464661545452963,0.0013380039476914075,0.01950971910249677,0.004117989246340656,0.2696070074908375,0.032739325868840916,0.015236403967451724,0.022158360171707376,0.018324564515607496
dataset-full/test/misc.forsale/13819,0.009419089736320281,0.04357791689115396,0.0486206712957777,0.07386721344921252,0.11879340645276684,0.022024539774485524,0.30728559381697884,0.05834984315572333,0.03439786145776328,0.019202890290178548,0.022689012855590534,0.04210201197934748,0.07298070126517732,0.018061179886863243,0.02204682425662185,0.017775683724784896,0.026065879234721655,0.017224959268891563,0.020201156553715335,0.0053135646539306325
dataset-full/test/rec.autos/14147,0.0148065017162581,0.010853105803794833,0.007946084072599294,0.01190978652285053,0.009949161853199811,0.009057322142197574,0.009899003420096928,0.6713392263611413,0.050069162563731,0.02553386302490645,0.01725500645457439,0.025724903330319678,0.019150400441576166,0.02060150396385778,0.020174373645773652,0.018034916180778106,0.02691597937401247,0.011190051606265676,0.0138471732501069,0.005742474271963598
dataset-full/test/sci.electronics/16206,0.015248720843778601,0.020238702573127456,0.018306244313870502,0.029969921497003935,0.04176640254446558,0.0238538874070219,0.01836125690415567,0.04171248368096457,0.03209645100301877,0.014732480071546157,0.010163726612769495,0.05377829667594994,0.4955734604391479,0.0267585900063012,0.031549137848559755,0.052454276397207455,0.035926042469569125,0.01575397063468283,0.015324586450614526,0.006431361626251073
dataset-full/test/rec.autos/14190,0.041417071589572425,0.040400141939765336,0.030023250815579834,0.03421897490317921,0.04758466322519259,0.03244374784847618,0.020215057469934978,0.25847166664028925,0.055054778611094486,0.03596619657307766,0.039419607676515915,0.04537009865012943,0.044232233057990684,0.04918188230254392,0.03618211256552421,0.05513891418754259,0.04578864203059477,0.03500302599739008,0.03014992931463801,0.023738004600972865
dataset-full/test/comp.windows.x/13525,0.020363679460033417,0.1563144368258799,0.07977904461249237,0.06377175843668968,0.04595899130843586,0.2402943969224626,0.011377068446859177,0.02267306659325947,0.018596047613753452,0.008366891114832815,0.007479360962221714,0.08743954919251083,0.0642303850882545,0.026021847248482083,0.029506413707074877,0.05267704115063894,0.027995262126753143,0.017350973280844704,0.015786903235933326,0.004016882672581187
dataset-full/test/misc.forsale/13858,0.014074065429057668,0.037721266753140956,0.039667256128617566,0.23197595616401018,0.0801716491263497,0.02285178102378862,0.17440025488679547,0.04093046698073828,0.05074717316615786,0.020604642977113362,0.013220433632028027,0.07549185726182904,0.04627223575043382,0.020961410716644615,0.035448031724181456,0.030390961564636037,0.02551694201758264,0.016783879573942225,0.0178380397736151,0.004931695349340541
dataset-full/test/talk.politics.misc/18426,0.046208740262918206,0.011386489735364842,0.01151453584853519,0.01616326415683282,0.01959275816102038,0.016610820048219406,0.008383843205707045,0.05636239084349651,0.045660876055997675,0.026033166570375552,0.03155268801465511,0.0748539960419791,0.021535776032850597,0.04417875281316057,0.047881762918839006,0.09809133998802831,0.06927984635130373,0.05222002146729901,0.28674433109469105,0.015744600388728006
dataset-full/test/comp.windows.x/13465,0.008575723102656854,0.10016041914804905,0.1910471866556091,0.09183950606649162,0.032071186734720716,0.21771572239245968,0.02159525135802645,0.03399931814723491,0.0271803684271825,0.01452749209590636,0.024371468736751552,0.0642832339474592,0.028859012154473007,0.03207774321608175,0.029855549200521844,0.02228394072009458,0.027021347579762312,0.01342141134298659,0.01511714927133244,0.003996969702193492
dataset-full/test/comp.sys.mac.hardware/12889,0.040980412114369334,0.026392665855400666,0.02518763223592594,0.042217401925093594,0.2931560785738354,0.03157966935844587,0.029270256236979635,0.03876716388195314,0.044697703933782876,0.03967644512360653,0.06296982486241501,0.03795896225479731,0.03719618791506435,0.0601681668297228,0.037596670992474615,0.06175579386688925,0.034283219977864536,0.024585879168873417,0.019387480004398206,0.012172384888106078
dataset-full/test/alt.atheism/11378,0.15434678331766738,0.0017957392404758983,0.0014556465092359812,0.0020771925902665234,0.002384190565505535,0.0014014968790292044,0.00038340066078442267,0.0077436509785661235,0.00430662277648807,0.004232422828821722,0.003487509814463619,0.02569738659954766,0.002437400911359477,0.016181909117987225,0.006976901560967181,0.6689848628935543,0.04497843323509945,0.01989097800283159,0.008923716254668548,0.02231375526267879
dataset-full/test/talk.politics.mideast/18282,0.03430546545986605,0.0015471505536723653,0.00142635758258901,0.0017976186432017485,0.0024254493100548564,0.0011163302251052628,0.0001835471727767238,0.014314874516226006,0.0058598830040666895,0.004094298747260229,0.0029010636969322504,0.03491106045532016,0.0032574187258411907,0.025252633400333926,0.007626822027363382,0.31544043260156845,0.04820930014387601,0.4763132661484366,0.016057530021285935,0.002959497564216441
dataset-full/test/comp.graphics/11984,0.02817778251162627,0.26390050670263243,0.05872766748925824,0.06236909210531704,0.042237414447238344,0.07223068716467711,0.035897637242329854,0.034841541587274774,0.0428982223501629,0.022010241080141064,0.028616008080463325,0.050648052227685925,0.06043565712579646,0.037754637171175776,0.042768858413833155,0.033382028400492744,0.028594103689683095,0.024909476610831035,0.019350379302693704,0.010250006296687021
dataset-full/test/alt.atheism/11539,0.8786269822395258,0.003090577494396021,0.0023306504501941078,0.003912849131724941,0.004543539098316232,0.002469844346320013,0.0012508601052038527,0.005654384886841157,0.0060574105339134795,0.007288603732201467,0.004413858576222159,0.012191843626066602,0.0033232898828260207,0.0072097834931276845,0.005870105695513556,0.023419964806352306,0.009916362347749987,0.0071179871828040845,0.006192049245244705,0.005119053125455225
dataset-full/test/talk.politics.mideast/18197,0.03882305463974108,0.007946212800561622,0.00894940065783367,0.007951973938414066,0.010164920858559488,0.00749818558243846,0.002733124270296436,0.022675125612942423,0.02375754123402336,0.015926394042252337,0.01632072144039393,0.08162778063743181,0.012152228532387491,0.01752643785055353,0.026787723297714974,0.08133772849193346,0.09459568900732426,0.46611873294843503,0.04594558711898581,0.011161437037773312
dataset-full/test/sci.crypt/15595,0.024496743783650056,0.008247105646567549,0.007653268536091797,0.007498421064352579,0.008066132972953105,0.0076017618333298525,0.0027710418543683605,0.015963594462787473,0.018336524753669196,0.016361480660101842,0.012232829975646488,0.5496498049202053,0.010912597423820801,0.025387461215147955,0.026631742567402975,0.07203690337112509,0.09291131179318966,0.045988496819459136,0.035338017952980375,0.011914758393156154
dataset-full/test/sci.med/16411,0.023729391075900334,0.020833602126191376,0.01359030795868874,0.02816964089641396,0.025140857788363176,0.01424926981885186,0.0057222347326006465,0.05706896190876826,0.03217024002016051,0.015209855554976639,0.011758384171323973,0.1759128721744644,0.11922404549769078,0.13683534005261033,0.07738004034314895,0.11238928991138171,0.050504087037400024,0.02705266934720948,0.04530706102907535,0.007751848554778418
dataset-full/test/soc.religion.christian/17305,0.049582998191717145,0.008521127981158864,0.00859803931146936,0.007249324097666179,0.006747820376555396,0.008486475307502319,0.003160109419319396,0.013648778408885495,0.017984905663701766,0.022564635126196903,0.012380732893827207,0.023780905097354536,0.010162150738786633,0.017999351260339358,0.017528161787927866,0.6826058050874838,0.02995766702910114,0.022227446006217715,0.018323907047621983,0.018489659167174093
dataset-full/test/talk.politics.guns/17859,0.010024368178148911,0.004793132574335116,0.005794894749157563,0.005414549942730597,0.0051949454160176295,0.004235857324715798,0.0018365406360893297,0.031665275899004676,0.02579954265357733,0.013720738334712509,0.011132382030921055,0.044484111838549424,0.011324050232344684,0.023265958651117063,0.02379448873731407,0.08926431993416578,0.6349789210773454,0.02341901718938016,0.022868014879984636,0.006988889720390501
dataset-full/test/sci.crypt/15734,0.012553825605245079,0.01681822916504512,0.018576943764257347,0.020527250439940296,0.02251258883946824,0.022114920934925824,0.013702412896389444,0.019585863598074446,0.019795428106750168,0.015459005131388304,0.020036054411144415,0.6505036399069604,0.02240793286530736,0.021582871625485743,0.02362578105973388,0.025692009242472173,0.018135763314718945,0.017579122161756302,0.011748560251760827,0.007041796679175939
dataset-full/test/rec.sport.hockey/15265,0.01738722981813297,0.013275224850159653,0.014392668013983593,0.0148902757471572,0.014071079186588419,0.011589072102613163,0.011477621806926814,0.01919986032917538,0.019976226750875112,0.07278415308857016,0.6071220231176515,0.030460596740842907,0.022536814883520766,0.015922964283670366,0.02267619667544956,0.032482527493692855,0.022986657328331567,0.014627932703200957,0.014388117548722348,0.007752757530732471
dataset-full/test/soc.religion.christian/17175,0.02073820178496419,0.0015607587154103585,0.0014394635639758855,0.0019542716874168388,0.00193914017473377,0.001324724451822816,0.0003584268700765245,0.005495223420207626,0.0041281879627918456,0.002565720060641913,0.0024047849127230795,0.009167024549725893,0.00229022719038857,0.0055042620563749926,0.003657359086319113,0.9011643620584651,0.010384537998109539,0.0077372296750198985,0.006109122582347695,0.010076971198487198
dataset-full/test/sci.crypt/15681,0.005888056238525241,0.0004568368341968558,0.0006720435903543797,0.0009701447083999172,0.0009404995008543868,0.0005792271609995889,0.00012108145737368741,0.0067592802849181025,0.003395863936813764,0.0014283665304706608,0.001472565428646124,0.8334180543585968,0.0021081881544075883,0.006171303295957918,0.0028367410741877023,0.02666667506397645,0.07383762242722457,0.015057005697763297,0.01639292602204623,0.0008275182342830747
dataset-full/test/rec.sport.hockey/15369,0.04276397850675747,0.02247951324188327,0.013628788719675471,0.01655843325949621,0.020092189481342785,0.026205852356448248,0.008352166711564007,0.05384579397861117,0.0446353635865801,0.078557893724587,0.3557415488555446,0.02896094733635666,0.01887023179132399,0.047609993233151696,0.03998952235387917,0.07872968140873986,0.03907321695911057,0.025179970849990404,0.022482762941044596,0.01624215070391958
dataset-full/test/sci.crypt/15870,0.02628195186674535,0.01030051821724572,0.012153408942485181,0.01435466269056907,0.013118896861141854,0.01270212820398294,0.006113458025083591,0.04249449815997058,0.0318398869074071,0.027833423261426803,0.02484299405343361,0.44795224239467046,0.022771160747152755,0.035072312041946864,0.02439185885247804,0.0687608003059384,0.07263759715554693,0.05172980810366867,0.04623624259520463,0.00841215061389513
dataset-full/test/talk.politics.misc/18406,0.062810010622232,0.0024025019607260265,0.002069072322180065,0.003803032963859346,0.0039032526115315032,0.0032329241916389086,0.00042831337202720173,0.018280486540627864,0.01649585097795984,0.004152289499029386,0.004116396593247071,0.19978759824108264,0.006365869350567276,0.017121506043642536,0.014966419726062967,0.2562456004217194,0.19798748138196798,0.09035314059495675,0.08974568887776203,0.005732563707169072
dataset-full/test/sci.space/16875,0.01704646997431193,0.0031595136194815525,0.003469933911854438,0.003913657372452267,0.004451241814023562,0.0039427154986747355,0.0010621839102614517,0.020067790236529777,0.014733630546673739,0.0036934761833917755,0.003813356075217286,0.039970549171219984,0.008062482476731928,0.024959062566744416,0.71995111613821,0.0626254102055764,0.03416739467559498,0.013765086983096893,0.014543504640480102,0.002601423999467726
dataset-full/test/talk.politics.guns/17797,0.019002317987555396,0.02010270240642479,0.020487911202105514,0.022670066657215493,0.020180724824273914,0.018318324159118177,0.017797466391109608,0.10992444494447348,0.0436057413286088,0.02981192965875464,0.03607504195106219,0.05298574540281235,0.028153749452084948,0.02800349201907877,0.03452666123835229,0.03980360808043407,0.3938167293825708,0.0258519930968655,0.02741076043430149,0.011470589382802883
dataset-full/test/comp.os.ms-windows.misc/12155,0.05692964257092322,0.0517258914328648,0.10173583174820998,0.0447535356966697,0.04663897609140047,0.03942338733667871,0.023964037455758817,0.05782488245226813,0.04984707588399577,0.04697964541861879,0.03900501175720979,0.06274311040280907,0.039110081432669745,0.06462009053696707,0.044550064741984474,0.06905948846776896,0.05731094475425547,0.0466266927182989,0.03545339527900529,0.021698213821639264
dataset-full/test/rec.motorcycles/14455,0.03509509521360899,0.021957696114326433,0.02437383430734035,0.026839785954604393,0.04744162744467658,0.024959894506434162,0.032732027026772664,0.08297725677012248,0.19032151575280942,0.04299272609800022,0.05689155796019865,0.061265416366691965,0.03874424459955577,0.06166837681216711,0.04292859914401173,0.06092214626143516,0.05115449110664042,0.031442245884165415,0.04935307583418061,0.015938386842256267
dataset-full/test/sci.electronics/16092,0.019693424795398994,0.037212532628773914,0.034105763612387034,0.12947302933053123,0.10526144666882364,0.01996705025396344,0.01691560285310193,0.04403249142358866,0.02648677735716293,0.024376428340103472,0.021016186989914955,0.1070799388126032,0.1692259913111122,0.03362156172584273,0.05435161119934618,0.055609307360174415,0.04376906872103966,0.029905992227527076,0.020125896017700755,0.007769898370902421
dataset-full/test/sci.med/16413,0.024881025146383264,0.058778136929528955,0.04240385282703766,0.0766891218541445,0.05672197452898817,0.05280175107639219,0.04215905866591928,0.048539860803981184,0.048993835484323366,0.03339582027127439,0.03928911284242557,0.05562963730254932,0.06643765103114767,0.09312173663377246,0.04971371573654668,0.0861182775664734,0.04644078151730193,0.03470322239392209,0.025487929761978608,0.01769349762591091
dataset-full/test/comp.windows.x/13384,0.046362607840505755,0.03475923373178928,0.09904577182511898,0.06021106158159521,0.055715484470286465,0.15469992426067736,0.008349513570331344,0.05320001131531106,0.035755895902446835,0.019991548636653273,0.018424533144796244,0.05979202325002042,0.0548934490219575,0.05260382500866653,0.029499686274770526,0.10058000636917633,0.053160577415258176,0.029947442407732817,0.023066977285426473,0.009940426687475907
dataset-full/test/rec.sport.hockey/15222,0.053272107033386605,0.0147576504110835,0.014467289082364337,0.019957363867637447,0.02058931636782245,0.01656467694804626,0.005794860007352878,0.0431907342919664,0.04403315586855039,0.04288557967223776,0.18789061374648122,0.12361584959085765,0.0231617399058765,0.05148692136617656,0.032067451739189755,0.13312697099394838,0.06965674360340245,0.047594825929735456,0.04272595214925994,0.013160197424630843
dataset-full/test/misc.forsale/13879,0.003831486262431813,0.01269653639645646,0.018402076797121907,0.10769959945881757,0.08994494267871138,0.007105028291859812,0.5319697633899801,0.06344771248825405,0.026462864952239915,0.007840872546118871,0.008014062761630164,0.023969478911926877,0.040412832946802396,0.010353760711938725,0.009047404325886363,0.01706154140251693,0.011339412610956274,0.004533898268935518,0.004696268052211888,0.0011704567452011582
dataset-full/test/alt.atheism/11544,0.18561177913436552,0.015335082785308417,0.01726071862296228,0.022291412610105248,0.023131833520406098,0.011269710851339146,0.012030480358432395,0.05166216502235495,0.0710716393836986,0.052542963295799765,0.05064399134969707,0.057450221906989445,0.02779530160674348,0.0349516011954326,0.02469576917994713,0.18361692218179382,0.07841511186836775,0.02690483526126761,0.03695191915111529,0.016366540713875884
dataset-full/test/sci.space/17136,0.006675460304065072,0.0065754625245848485,0.005201016329456059,0.0055955405623283,0.005273838248645461,0.007727755942948608,0.0026270871355535473,0.025502638370792457,0.011860411591463489,0.00946560803227674,0.009654968560544933,0.019547937810038073,0.04043860263141898,0.018105954848605933,0.771436493495975,0.021946368812416694,0.011344557461408592,0.00842477954917453,0.009091207231499577,0.0035043105568033613
dataset-full/test/talk.politics.guns/17581,0.029523709937089786,0.01648969677232031,0.01421274371932011,0.01927837721141092,0.014219856314729775,0.008498412521332712,0.005093732431970688,0.025737917836255907,0.014808000484496495,0.010225308278112329,0.011890554523598364,0.19134851620660592,0.0210105931912311,0.024542351931462578,0.01931288510580914,0.06946501537130534,0.42050321378081834,0.03107602441941749,0.02603633084236787,0.026726759120346087
dataset-full/test/comp.os.ms-windows.misc/12329,0.060215509127134983,0.010404965594200514,0.022088670824087126,0.021885059271071344,0.015346032116025352,0.010446907603284527,0.0022500149164578222,0.036545393054791535,0.02620103712252518,0.018090940341487456,0.016811059787125198,0.09877278142260822,0.017778396467421482,0.05720187891644238,0.033180754368093264,0.3144676236374596,0.10623842363853657,0.07280736494717932,0.047086035110275454,0.012181151733779585
dataset-full/test/comp.os.ms-windows.misc/12161,0.0272987119734006,0.03929554918129596,0.2416511566351894,0.06689591391313571,0.026990237058899018,0.04539735077679675,0.010241673209045664,0.058883193003675484,0.054106355756895194,0.023027373917365597,0.01592642550077398,0.12208371683357117,0.026435151393414024,0.027281561053109613,0.028304211188396666,0.06793649715775123,0.05793708329107931,0.022876024376473528,0.030871606197644008,0.0065602075820937675
dataset-full/test/comp.graphics/11698,0.021309841162011962,0.2381141739277011,0.07272554165117363,0.060525621413871786,0.03389742514519883,0.05841389044866692,0.010499849661298504,0.045114698598721914,0.03086694135591276,0.024861586028543194,0.017536959581590177,0.07813140340044188,0.0630512400885694,0.04447703453360335,0.052373888007074626,0.04487793863293965,0.05300561811411026,0.019414167854638797,0.023659052591676222,0.007143127802251602
dataset-full/test/rec.sport.baseball/14804,0.016729958150599727,0.08562883943350168,0.08635270495365088,0.055004591183799245,0.07109370809434407,0.039593419409963145,0.02944302007990129,0.05002628727569223,0.03862601224535112,0.09281648345547683,0.04733992097925793,0.08849955243764164,0.06907899346689263,0.04062572227071235,0.050339028922066285,0.04564423499931721,0.03968013790926837,0.026691197646105464,0.019156724925006766,0.007629462161451619
dataset-full/test/talk.politics.misc/18370,0.03925335724318026,0.006065935247234645,0.005872838967767081,0.005327146078822306,0.0054838140650475325,0.004922499913576177,0.0018999682087540706,0.014279628133088671,0.025792157090161704,0.008968659942707884,0.01081996824777122,0.06410377197164617,0.009574718860004869,0.020946485478115093,0.016207198448627523,0.09344722021396305,0.05535155525876629,0.03406331126420374,0.5659240589308966,0.01169570643566789
dataset-full/test/comp.windows.x/13345,0.016377657196737345,0.04217195919427382,0.06033347180179114,0.03508184173263631,0.032257860539976126,0.4771712566312611,0.016727011432788843,0.02293948531973952,0.024681321129305916,0.01850132156773232,0.014645212158425328,0.04765524337829671,0.033726339383198606,0.026854115375163707,0.028087715745368582,0.03181144106552467,0.029773789577106895,0.01845221953771499,0.014153430200024271,0.008597307032938595
dataset-full/test/rec.sport.hockey/15388,0.01591587342782648,0.013659204206820692,0.014574161379610259,0.020028199183063002,0.02029225418682192,0.016223267409617728,0.010348314198735631,0.03940372622060749,0.0315507008372279,0.03983585783975473,0.5456881583874916,0.030436886584426517,0.0227454219676666,0.025231833983030964,0.030525103122509934,0.03460804237287682,0.036624142205770475,0.023934470350435433,0.01842010628961406,0.009954275846088002
dataset-full/test/talk.religion.misc/18836,0.06225592220637257,0.02142825133815433,0.024203929542957036,0.02857996014877519,0.026218291141722628,0.019739273177785514,0.013568776567605849,0.04609895762998193,0.04006619048485181,0.03544445528129007,0.03368578744070518,0.04964311792610429,0.028320415121447475,0.08724700479415444,0.03605362716668439,0.17021437064937747,0.08306858035402695,0.0483407493533802,0.07816605610390336,0.06765628357072163
dataset-full/test/comp.sys.ibm.pc.hardware/12717,0.01562630450019839,0.04504080458677926,0.08845711777993194,0.279390585840155,0.0818457989136745,0.03142986123553603,0.024754894362773925,0.04460980524109099,0.04009011326506819,0.027109746717331778,0.015825263494045113,0.04299599147943598,0.08182206092351514,0.027666737425386265,0.025698973246982365,0.031912422082709495,0.05027422005659196,0.01703017155385711,0.021227307493069322,0.007191819801872023
dataset-full/test/rec.sport.hockey/15270,0.017530960226611825,0.015367569713092425,0.01738214874907594,0.013306902496685074,0.01760198303332396,0.009424286823207178,0.011152218340455489,0.03311229404578407,0.03616998141795544,0.06242884894848024,0.5688927098604762,0.023174402586858975,0.02169415624248496,0.021379829146423685,0.02315587221938215,0.036077289775974714,0.02917727135278227,0.018715904172589757,0.016611447588660642,0.007643923259693502
dataset-full/test/misc.forsale/13604,0.02651618644265155,0.02764903208047351,0.024829618120705863,0.047957531307917134,0.05987166053894552,0.021781327569633017,0.12082708185351497,0.09772071451116877,0.08207357582681317,0.06559915229266121,0.04794944750753275,0.042119307550250354,0.07939582693068156,0.04189650869902504,0.033255179267004595,0.04523886187032079,0.050504131769377965,0.028606196553368612,0.04425713054155801,0.011951528766397431
dataset-full/test/comp.graphics/11875,0.048676826730490154,0.1435260452235032,0.09202435387736493,0.058053001664211255,0.039846631226904516,0.05581335008179518,0.01930276782255712,0.05028170716994051,0.06306210671288331,0.03412361989532507,0.031834020201578224,0.057982116743567805,0.04909887340031287,0.04245253230476342,0.04107914583379945,0.057680529864330386,0.04450552044476757,0.02789995308597589,0.024565033904512503,0.01819186381141831
dataset-full/test/rec.sport.baseball/15081,0.021114051614246714,0.01308998540053865,0.013290669204231591,0.017682085386939373,0.025256932648842503,0.01305611587356035,0.008991201851869203,0.04669309166146697,0.052438607882963964,0.4589293121910566,0.07128667529748198,0.031647692714907597,0.017628304273517404,0.02560233605388796,0.024581344941674844,0.05975088547816127,0.0402203644491152,0.015378806668228816,0.03397175925188584,0.009389777155428453
dataset-full/test/talk.politics.mideast/18145,0.03778815337468129,0.03813788840670017,0.03967029999242735,0.047083491607858435,0.044380078417711286,0.04731442634189119,0.016304603552241035,0.05700441972423263,0.05556972052555116,0.032162972241019654,0.030843675137455142,0.06643920811478961,0.05810619119641516,0.040603497497328875,0.044380250665314425,0.1218459601382592,0.09324113199292666,0.07747633671899044,0.03380565559317067,0.017842038761038837
dataset-full/test/soc.religion.christian/17537,0.007770164430845284,0.0002630233786651771,0.0002386994531627767,0.00031164462604244854,0.00038888315646989793,0.0002576390355464418,7.784751455649652e-05,0.0013525907814241568,0.0009841260807238357,0.000659739728612134,0.0006245185228551066,0.003735921185977276,0.0004545316689867067,0.0015330403253557697,0.0013856316603472706,0.9624323055137468,0.004403297264077212,0.005944091582334381,0.00203682430887192,0.005145479781400113
dataset-full/test/rec.sport.hockey/15475,0.009053533249898429,0.005755292568978288,0.005302939724362611,0.006900864206145087,0.00809736736797701,0.004983822714933024,0.00365331828356076,0.013666672290287623,0.011782044420470558,0.04370553972129068,0.7791039459294522,0.016816142527187918,0.009412155115289915,0.013444162945658278,0.010812311603233949,0.01605302504338356,0.015510996722154861,0.012329629899031,0.010438800862708012,0.0031774348040022288
dataset-full/test/comp.windows.x/13270,0.013679424141251896,0.023958288207681474,0.1267854798957818,0.023671538034555743,0.03181687725532709,0.47155945470639526,0.005514571383690691,0.03927921957519718,0.03034702740016529,0.0247863982014491,0.013897593365356517,0.03301030090823549,0.02074414778651471,0.03060365786068564,0.02286926779941987,0.030587099909642534,0.024909806179892923,0.013838411234031005,0.012596575246867069,0.005544860907853283
dataset-full/test/comp.sys.mac.hardware/12998,0.02210520187929017,0.1293777719521261,0.05526326482626085,0.07028573860035818,0.20726414605666707,0.05937220982835519,0.03302364229927027,0.031448109943068486,0.04847387838029737,0.018139880991872408,0.01626597346421668,0.07059275276801924,0.0644679914939957,0.031155245864399418,0.03160762733862037,0.0380993639202148,0.027448905444677735,0.019390455640281728,0.016029308289917228,0.010188531018094527
dataset-full/test/rec.sport.hockey/15401,0.021078706907547772,0.006490450776271299,0.006039969379280065,0.007133274854507187,0.0077503926153903654,0.0045144579451517584,0.0020398884562185904,0.035096064037748,0.046241792689975254,0.07618121854565617,0.406194528338049,0.03473996385818774,0.010188845027437323,0.059649000262636545,0.024439480817165744,0.1101086978752293,0.061929708982211916,0.042256863349110774,0.02631277332838358,0.011613921953835477
dataset-full/test/misc.forsale/13927,0.016754536800964375,0.05181680261036698,0.025663985806985357,0.04084970943462811,0.09099792562203113,0.05218505709714723,0.12722979839532775,0.03459905132187156,0.02732577840232336,0.026099545098296793,0.03404309670592248,0.058035608114698184,0.1683849440926532,0.039456704242518785,0.044465026889157454,0.03713690237491826,0.04213398595372887,0.030774724911786074,0.04328322696570663,0.008763589158961645
dataset-full/test/sci.crypt/15836,0.008161211980214847,0.005737783355158675,0.006141521224194813,0.006932856973061532,0.007163273524413341,0.004874086797654484,0.00514798160096637,0.012446047725963487,0.010836299176437239,0.015066288483859649,0.009256384336600294,0.789485733605949,0.01306578831996467,0.01453814360070262,0.014457758329857698,0.02093190001901373,0.02311869036091228,0.01042596566086008,0.016577883682184803,0.005634401242035131
dataset-full/test/sci.space/17043,0.042353889457357734,0.03354802059626415,0.036187061951752975,0.03305874171682442,0.02992810952749158,0.039452790939278615,0.03596908463769166,0.03962832457874003,0.043891810566335586,0.049875734815240796,0.06077828338658874,0.03648780540748304,0.062150340722247004,0.05412850471963471,0.23180858621264053,0.03228270958084299,0.03952039408492405,0.04573024726427534,0.02991327191715469,0.023306287917228632
dataset-full/test/comp.sys.ibm.pc.hardware/12698,0.003581126988025355,0.0091115470677055,0.026583074426446758,0.8087989583633932,0.02789045147683088,0.012976271652558092,0.010927261380774005,0.00920213480222507,0.0088312410537294,0.0031985305513461187,0.0029070735290124745,0.01653942188635466,0.01593435435118351,0.006212189340926466,0.008474655781690722,0.011217099809048198,0.008773244597803256,0.0036332043259621797,0.003957264227543556,0.0012508943874339701
dataset-full/test/comp.windows.x/13321,0.01327723522430909,0.11068737908602634,0.09453224743531685,0.026718053241583183,0.02551228753080609,0.42455831953496637,0.011514563736123305,0.022403097770126994,0.01898187173430259,0.011772131403764822,0.010073664237503796,0.04616579990550608,0.04516555967504132,0.024302296457495466,0.02835725899197397,0.03306388865796652,0.020115579924846454,0.013196774748245299,0.014949410397180146,0.004652580306918057
dataset-full/test/talk.religion.misc/18721,0.04895358374426518,0.0006216877101847168,0.0005252864277497678,0.0009137982445270534,0.000794368343184242,0.000492152450710031,9.078734452245314e-05,0.005814542759434174,0.003468544410904233,0.0029297809593200113,0.002270931792074171,0.011870924749435663,0.0012114722993318424,0.0057524189134334205,0.0032820308330582955,0.8154988160171589,0.03610609141342959,0.008289220867391188,0.005464868499240038,0.04564869222064748
dataset-full/test/talk.politics.misc/18558,0.017209468168853378,0.002198012099844929,0.0026499427696808544,0.002975975988129141,0.003312865855120971,0.0017221489850282334,0.0007289731535830774,0.011226066494929752,0.009333391918385633,0.005093526435727068,0.004525284480752977,0.021408825139843865,0.004513377118782254,0.011945044541662727,0.007054345906342302,0.04531832270992163,0.020743479235541724,0.01764328094153488,0.8025604285423138,0.007837239514016808
dataset-full/test/sci.med/16656,0.03570623802575504,0.015262154081454241,0.012765831096179807,0.016077786105081503,0.01737383512257533,0.015421104996579837,0.006313364795242528,0.05272340367873777,0.036150711047654056,0.026244289381615375,0.03139960737849419,0.1141571939242399,0.034998839532155365,0.27467660080104417,0.05060984641186807,0.10877112796697093,0.055538501085978575,0.04766360802675683,0.03585544955748585,0.012290506984133327
dataset-full/test/talk.politics.guns/17665,0.04544674375736722,0.004363835197500711,0.0032138241480028254,0.005815026253114121,0.006508510326626143,0.004275229355164668,0.0017982598277496043,0.01882913821812294,0.018602432808905736,0.011745007620521558,0.007290949879407369,0.04911089994419603,0.007265192949285588,0.0191304087138381,0.012655780548016849,0.06857779441449384,0.6117763750260425,0.04653730932199657,0.039946196025034984,0.0171110856646134
dataset-full/test/rec.sport.hockey/15371,0.010878564705196181,0.005832820652895326,0.004121496779135447,0.009150719593780257,0.005028696884366625,0.004935114264164939,0.0034576762680673654,0.012746697576670124,0.013030482743942317,0.03908136859970957,0.7633408649437133,0.017724963793950717,0.011281169900962174,0.009510364058074117,0.014057495587169542,0.024480287294735257,0.0216446260831864,0.011241291042777282,0.014099780983142586,0.004355518244360995
