document_id,alt.atheism,comp.graphics,comp.os.ms-windows.misc,comp.sys.ibm.pc.hardware,comp.sys.mac.hardware,comp.windows.x,misc.forsale,rec.autos,rec.motorcycles,rec.sport.baseball,rec.sport.hockey,sci.crypt,sci.electronics,sci.med,sci.space,soc.religion.christian,talk.politics.guns,talk.politics.mideast,talk.politics.misc,talk.religion.misc
18495,0.02569227023285626,0.0014004721874277158,0.001930373457161808,0.0019380362727417604,0.0029248067458452548,0.0012946811164684777,0.0008897062014730354,0.048200304716553455,0.03703645744556521,0.17559383585009106,0.005568457813256188,0.017170386366375016,0.009004213325042892,0.004506725760217396,0.012572185053560394,0.03666612424488511,0.2060983252629351,0.06821489977148983,0.26280565513339044,0.08049208304266368
14320,0.004087629730566852,0.05828972973815591,0.005459922557455578,0.045121327947793936,0.05147780887054105,0.02625939616027676,0.08629602045401855,0.32709115715899173,0.09944972351282323,0.05910245470312669,0.015495458486244998,0.027310597877783713,0.07138545159631517,0.02696624157137226,0.0340778290981369,0.010589870497823705,0.01460818173265914,0.005770109634668546,0.004935668718362359,0.026225419952882866
13500,0.012135401303748987,0.1268682569560019,0.031153519425607495,0.014852430505274518,0.049105135871684975,0.2872893072693651,0.04819579198088151,0.04197034542683319,0.036898996243865334,0.009682078767175476,0.0030659172099405203,0.0988758772627936,0.03417789151929062,0.03323093585015103,0.041194573107174996,0.009037057936744123,0.03207569531254131,0.06454002034367816,0.01627208759028568,0.009378680116961717
14234,0.009960044550919284,0.0072123845000385475,0.007523907330807974,0.007309320010060516,0.01432759484379436,0.0021563006026169627,0.0022710218694804445,0.5271070169655886,0.0442388420446403,0.04951688704516885,0.1255115754183358,0.016500326556125596,0.004596584505763376,0.0048923696163948715,0.03241186731484087,0.026493125273411286,0.06155118407129347,0.01665296531520764,0.02683716976309982,0.01292951240241147
17360,0.030210278317330308,0.02440201068696022,0.015365252232900231,0.026771977776763774,0.04265807453632211,0.07999501736430538,0.010035571656764766,0.01616941256865755,0.03952312193999851,0.025704438831391986,0.01888504865885554,0.025222764200669347,0.017625180851684283,0.03415920976948724,0.03826662664331017,0.40307855432943385,0.03309754390050554,0.06408066524796589,0.018592745296472955,0.036156505190220165
18235,0.03844432490617838,0.014797550446538176,0.033995486063740026,0.01634859021040131,0.021275226327696805,0.01989013117301894,0.012314403679521229,0.05306323781121055,0.03375671964549942,0.08583673057321195,0.005858042823818814,0.10686142693018097,0.031067106080786316,0.06354150741172145,0.025901530648989042,0.14696584538334,0.041001320201782085,0.13877801981914234,0.07326848629748166,0.03703431356574069
13117,0.005383315673629318,0.055944245719198774,0.0238193055907867,0.18244564660867643,0.260113052930546,0.04528204793897794,0.023671905591670494,0.08239217845934042,0.09103011119074932,0.02578917931976413,0.012651850729333815,0.01868314571324442,0.06781220509856094,0.007254945766945202,0.02708650995470054,0.008968321955331218,0.020008313260365018,0.006701046848873686,0.009833833456124786,0.025128838193180868
17237,0.04649227590345213,9.894835222603431e-05,7.884380330945387e-05,0.00011558055503264119,0.0001459283225398696,0.02017606190599677,2.1723063608230054e-05,0.0015986612972017766,0.0205191503492863,0.020328793915606023,0.00024242659881487473,0.013893468117971462,0.00013484388387258655,0.027693278382981093,0.0018163722459908541,0.5868435300447689,0.04792706353365788,0.022011938103916922,0.049336096490290735,0.14052501512947535
14993,0.02588425535290705,0.003188197544712208,0.005410996785307268,0.032943474934000475,0.006794300912564713,0.0041377411260729545,0.015038812451583488,0.019111055771049393,0.12607473756549697,0.4248291552996855,0.08508958787798504,0.01969070518540114,0.036558523110934014,0.03227435262022439,0.05786689556483491,0.011544971918651054,0.011144737067440498,0.010536249509654089,0.010573789897409891,0.06130745950408463
15157,0.04977552781610461,0.0163464247175962,0.07243425479960769,0.016477773935218442,0.005486356856153484,0.011785723376197509,0.09306964872205076,0.052969978041283235,0.039938149295271154,0.3267591751882205,0.13424747422646946,0.009517071504934417,0.04684009420103906,0.009472590433793329,0.009262145838236173,0.05800151198721921,0.007665235456377229,0.0043876606100922795,0.028315653373763038,0.007247549620372173
13158,0.009579043339036626,0.04459442193306528,0.04730627199649597,0.028211019457026938,0.4806491465759248,0.03798805814331593,0.07012372786293058,0.09391313995477765,0.015732121613682017,0.0265722229124056,0.018768101287220743,0.006981222971816525,0.02002335742822311,0.022911281746400357,0.019553550629994445,0.01929428323799069,0.008337937579267306,0.019565908390746182,0.004634125526885645,0.0052610574127938394
14423,0.03456644068959844,0.00930123274989275,0.0008046874189787155,0.0009891375878527061,0.006928269771555434,0.0031693239429934233,0.00026925955826276066,0.06301506988208563,0.6867527038923362,0.0013889062910863747,0.028705587426422277,0.019472885082612384,0.013983684139263576,0.012626335473891501,0.004742874772083212,0.06873553934143284,0.011755864346197506,0.011528530510977958,0.008019144068085597,0.01324452305439064
14445,0.0026147415727147804,0.01700549604784921,0.002661707705811785,0.012752489229243514,0.023728024579195574,0.011838263826328358,0.0006765104367858487,0.012177627084373123,0.79312123441827,0.021495260330609372,0.014137775048679014,0.0019642357947214336,0.010535500643764543,0.0012986829587264446,0.019510554510292277,0.001706712768853206,0.004387037201645853,0.03098728104592157,0.009258238507644553,0.008142626288569562
16703,0.025721220076210992,0.024050860134393195,0.002962365731822439,0.01240710930738679,0.03727662042817706,0.06407049502999462,0.0013792369758888925,0.038086325828314616,0.019270275354321315,0.006735285586790396,0.016637453441669732,0.050151224837536056,0.037855337696680036,0.42625874540323866,0.035983239149835304,0.056232669801360546,0.06466049243803633,0.013217989317186929,0.04738590801799271,0.01965714544316341
16116,0.015067084686575322,0.04323203332379163,0.08554399123113397,0.028645065288968877,0.058449429100017235,0.04218282669606686,0.02593601823027415,0.07703161988428218,0.07668335128861292,0.0260491933217575,0.03364917327957544,0.029250772992681043,0.1191439741129202,0.14892843630195868,0.02261381077053772,0.023713220528382907,0.04672948546881666,0.018328285720757807,0.06496339549245062,0.01385883228043828
11596,0.3028363360485829,0.00023458824441100463,0.0002346382419397726,0.003784220789125852,0.00027695575319722145,0.00021268399343956935,3.6763408721917985e-05,0.001020022146643906,0.00908202439598038,0.00045869365138354143,0.000420916091913438,0.00348442598051662,0.023593849367969585,0.02126769482829966,0.0005200556438836857,0.48407714436714044,0.008757278535395712,0.0018522134971855472,0.03037357263276673,0.10747592238150268
18590,0.013683243795434466,0.07954537990344385,0.016212678559387836,0.013597077198459918,0.26973181604502744,0.030532388647663083,0.02373806578030447,0.04573647239151182,0.031653122706866946,0.05660304203367941,0.07780715853427367,0.046333041146869286,0.047270418383721764,0.065988041284149,0.012966594436143801,0.03611160735818335,0.046984018830111184,0.013193425530589983,0.03967326071339805,0.0326391467207807
15272,0.05795263318655936,0.0006628265856494365,0.012441596390715329,0.0016900276374140792,0.03283258061306372,0.0006237933582485785,0.0003847307952162586,0.015302447149648188,0.028305701677108115,0.032244827508800526,0.7059004529275408,0.0029657390057330688,0.0032567739781212764,0.003233096941790987,0.003330328235669912,0.033955557310044036,0.027915302834112317,0.011316007673789513,0.014949080270137092,0.010736495920637584
14853,0.014957030954915653,0.011544796039575232,0.004447630624871633,0.02705297238362629,0.07121666957399031,0.02253002419647959,0.014751108371554446,0.04393362288126044,0.03616968576334083,0.4213761156256797,0.07538814381065852,0.009185530242411057,0.02408288455650109,0.05273011224717321,0.025407082130412238,0.06805135463308087,0.012319486032349558,0.033237688082627254,0.008973887847628146,0.022644174001863988
14914,0.007750577468134162,0.0009975948152035673,0.0011731671022698893,0.0012275101076144684,0.0024492205592460347,0.0008664990598985981,0.0005506906455263891,0.005295179058652605,0.011013531846830845,0.6522366948407092,0.05151710735234885,0.0046801792976239945,0.00258817411868256,0.009333176659926737,0.002419266296639006,0.02648090966574259,0.004469949550074194,0.006000551972415505,0.204784041859741,0.004165977722719684
11563,0.15297423612415828,0.003842893853301775,0.0030323240269806784,0.003619114632715191,0.049588220938402705,0.022545295463139707,0.0015450447526616769,0.024762140349365316,0.043572302773956476,0.014077452235378547,0.03103943763841582,0.012351992867301058,0.028488981973655996,0.04720699773191187,0.0825682454031394,0.2758517578985073,0.044133654606892114,0.06623895149575766,0.03644117541124637,0.056119779823112045
12204,0.0025555905916130714,0.5213604442352292,0.1322105220350995,0.01601294692929492,0.006009177393849534,0.15793079011018787,0.0017684113340774444,0.022970453642202526,0.0028697421141093225,0.0019542765857177378,0.0014464870669113957,0.025334937841687968,0.026941258747816325,0.005784521978032881,0.018463528725672005,0.007059240513846241,0.00683486168311007,0.005304958876065241,0.0220702686719273,0.01511758092354958
16492,0.028773699304949326,0.042615096363423255,0.03758740728169518,0.08489653220164589,0.05032603645058329,0.028194250605488812,0.007269383116255864,0.010159658515324596,0.005355266041331159,0.01264235792814679,0.004882743941321498,0.013393604150984442,0.05178103448849364,0.44608262752621364,0.06266076934244942,0.05116000147776555,0.014420052166737574,0.019223720492048856,0.011480440711239711,0.017095317893901733
14803,0.03411775198160751,0.04177488830880428,0.001585914847267691,0.0015788735232537285,0.0023905551106329285,0.0009973196780014167,0.0007101373510309966,0.028359362609036248,0.009365787927361795,0.5899549478624826,0.045037612171728504,0.035118466820106116,0.0421820044601138,0.023172518500161547,0.018380374336479526,0.027721009131992033,0.040983604981571824,0.023183560262510085,0.016184412756044108,0.017200897379813312
12696,0.0322035270545591,0.09686613640258744,0.04057131360691084,0.11971925406453694,0.034405158582148127,0.07525070504445847,0.07921956100987243,0.015834440305873033,0.06060281420478236,0.05778128570491753,0.013837012276946394,0.1152185113035524,0.050662005435388825,0.07969978153804826,0.05403612115084445,0.006376339686518234,0.01735544197441623,0.022742652953030837,0.008010093943018229,0.019607843757589914
12880,0.002884069284127588,0.002197974439073641,0.003164260500916499,0.20148360157854314,0.1962607218940034,0.023713845956183862,0.011925430699554972,0.05722324193854184,0.14345499625838576,0.00611609186670187,0.035642935133686,0.038272177027604985,0.11233805057278128,0.03225580184217178,0.07470471113856263,0.026815900782679845,0.015043826637255947,0.006998894075229294,0.008115101101921832,0.0013883672720739683
11401,0.5188249376965568,2.870027790184072e-05,2.08760032059201e-05,3.45824063850175e-05,3.5622788037177144e-05,3.044613206949776e-05,2.501829380480026e-06,0.000152831666362791,0.00013710848559454948,5.6553077102719634e-05,5.027487874100832e-05,0.02179700369671724,5.4282473519923446e-05,0.0003213310709292536,0.02019802581659421,0.33255510370678054,0.04504959850856768,0.002068397479634872,0.00851286393124478,0.05006895807467377
11592,0.6749043704745143,0.0019206081031265731,0.0011271411319134215,0.0011686595361840284,0.00833840911778115,0.0010795478993029096,0.0003924138771823362,0.00937132142796269,0.0029513124316236767,0.0030760644691265803,0.0015174562500908182,0.02595747883234806,0.02478850133702095,0.058749420364554286,0.012112941578198604,0.08960080802292394,0.010725600813959157,0.005290070403345535,0.028129102445386755,0.03879877148345424
17030,0.06656008414277433,0.0015661634297366083,0.0011854126884235435,0.001939374206202059,0.030542963514554575,0.0014527320527148511,0.00033036213083350094,0.009239147750537744,0.023191329949221216,0.001977985958114616,0.0030287469492409737,0.01006672844074993,0.0019133653797995499,0.024540940325892328,0.6382836980777239,0.08987729335049233,0.01431947206942102,0.025935397389186276,0.03795713420891474,0.016091667985466015
18289,0.03775523550020185,0.01518867309984439,0.005081179289962748,0.03176145586947068,0.03334475260077992,0.0031666048398759005,0.0021092690654911693,0.02744617336196035,0.008832721641297692,0.024053478055914145,0.004365625924328354,0.027464266332116332,0.07456877430013052,0.129748768824119,0.10005817510725847,0.05967654539237363,0.13613068502899808,0.0341621707468833,0.1946198365736498,0.05046560844534352
13177,0.006230697598248199,0.06802709784839385,0.006844873125466255,0.059516137588649265,0.1360509010351824,0.009409777487642653,0.03415042053261618,0.02417217631034429,0.03787014613243858,0.08349305763306426,0.1291679853002256,0.015013466455324559,0.02709164349383726,0.04105297267835114,0.06844312942568126,0.030439597313931643,0.11698663408003397,0.03890223451393757,0.032045314065116605,0.03509173738151458
14983,0.008756808894838587,0.08468669527637013,0.02996587407265793,0.03760366750235075,0.023426159802586888,0.026963180791240837,0.02670355923020692,0.03808150860630812,0.019968336274827345,0.4307334495704102,0.06778285223402065,0.052510872055868185,0.052293941600196896,0.00554774598782804,0.019884910392801356,0.00950680987176731,0.009577716932457842,0.007641928611168265,0.04247859667011462,0.005885385621978927
15897,0.03612968346339015,0.09979682043260994,0.03694706266711339,0.027428698320544214,0.010290105623787264,0.014541084419452637,0.02053711145593654,0.03202305757839643,0.01861916539429602,0.0028776509070862896,0.002207901648792134,0.42787281297098295,0.09377486938051308,0.03975196280281668,0.06152240748538422,0.04940948241085888,0.015018076083082879,0.003634128398889104,0.0028598465726534447,0.004758071983413722
18738,0.02647347803704541,0.00022230874880539342,0.0001869556762081154,0.0026708930747412233,0.00022929985441720978,0.00019762322340872453,9.943745557709283e-05,0.0005987450576312412,0.0005747046942725456,0.0005488505591962885,0.04749778174456558,0.001009798450561617,0.0002638652267990277,0.0007214027766236294,0.0006466798853333807,0.7086413210168475,0.001360139863977858,0.03255892740497735,0.0007367344255918031,0.17476105282341892
15222,0.03921753553248518,0.02705367548013801,0.024317580428676936,0.017990996723412297,0.017079590268364524,0.02037965307440717,0.0011591548904450963,0.02773150156635521,0.025404781142591884,0.03344935257897539,0.4369720367292901,0.04118517162634848,0.011048139619275128,0.02311292150765281,0.011565133220619344,0.08465663265231366,0.049125322559172936,0.0534031768957923,0.031441943717671096,0.023705699786012363
12912,0.001903370341627047,0.029535829292494375,0.21068759443230564,0.036383552229150344,0.4977919730717302,0.04114497716232722,0.007844471576469971,0.01152822614201918,0.023559312839879058,0.0021320540711968644,0.001593205739726525,0.025988852322021017,0.058030465048418044,0.03491718958487772,0.005887958524090276,0.0026972721311930444,0.002321247657702399,0.0018376796661556936,0.001356294713527169,0.0028584734530883917
18731,0.011547355801672151,0.044197751069485605,0.002612801719541904,0.004796960464929283,0.025365572349233326,0.0023681352286831206,0.001282584342957987,0.03401462585749571,0.0172834897241963,0.01901084938720785,0.032899394687535465,0.012222183760244566,0.016112397293134607,0.01957620218762935,0.03146190435766609,0.11717203743869413,0.11653241767289835,0.1013059262107896,0.0248203451372528,0.36541706530875184
15170,0.007277394525739773,0.004578786182908219,0.007572426169262461,0.016371102583970985,0.001924053700540802,0.001349289706394987,0.04464324805305638,0.03352186951954257,0.029837500641202986,0.13528909103254066,0.5200548987153173,0.004629516718545468,0.004724398366334357,0.04115857966852063,0.028442961912949077,0.03867181691414453,0.010943675480660942,0.01451666462077121,0.031769534430743415,0.022723191056853255
15401,0.005741372545295132,0.0012980894607714786,0.0012079925613557756,0.0014266541172402946,0.0015500798072988625,0.0009028905387832078,0.00040797716158917933,0.037467920850574654,0.03554681757531954,0.11839858135857588,0.5005126988619717,0.00694800345469851,0.0020377695185613675,0.10296212287029034,0.016951860783560185,0.044860764310241226,0.014228117138609027,0.02624949179031234,0.05405955332863918,0.027241241966312408
11707,0.026303339483226256,0.37403258148399027,0.10888269399666789,0.03401792815516783,0.02559239442994683,0.0686363066450022,0.0013151366017192516,0.027424574711818712,0.05722920594042138,0.04170737782673779,0.017432254370723193,0.021708056974525238,0.056188722662665086,0.028043348994960252,0.04632242202218875,0.02876938863095817,0.016380079214317594,0.005551534448735594,0.011425764281610443,0.003036889124617081
13940,0.07894421776265304,0.007194857641507567,0.02139020299572101,0.0681438993700635,0.061220712240342576,0.004055578288196831,0.13060646381255303,0.03657079450449385,0.10441841185981066,0.10097361726374007,0.07165880264760636,0.006295112108030998,0.027656818879061247,0.008978906405889718,0.012399416681969018,0.1792156415173938,0.012991371976745525,0.01832302984435041,0.021564603957462854,0.027397540242407942
13315,0.03735336888077452,0.13011416021799005,0.06607089582052511,0.07474825445685486,0.03511187292086577,0.5452243429591859,0.022922428490360015,0.004204001129535345,0.003614212053278653,0.0024335339328391964,0.002898863893150282,0.008725444401072327,0.02658696691406179,0.004530538468276799,0.009023000546893955,0.004432063110174362,0.010633857634780463,0.004173801791297194,0.006118251015617114,0.0010801413624662844
17336,0.04867127387632963,0.012230640110588137,0.0009089790149387333,0.0010769593621643466,0.0010538687873397508,0.0012044212705259107,0.0004659367852060762,0.012478873953072685,0.021773755505802076,0.021567722883798383,0.003649161139588803,0.019518199015649464,0.028267596075241985,0.023319769157083357,0.021997082502636274,0.6543740838776241,0.021199449139937352,0.013746500788969966,0.0071289804352150515,0.08536674631828788
13514,0.00359572105143028,0.08348287853556999,0.041349934411120344,0.10423867003305425,0.07025904471507502,0.36681724580777414,0.0219533344898158,0.04659491676495533,0.02501549537234994,0.002997571773872013,0.0028533786780189536,0.04472188790217581,0.05282920520015288,0.02812881998422036,0.03132625567753555,0.0260703291920782,0.027348469209768727,0.01641151123538312,0.0029299784925280498,0.0010753514731211681
14487,0.012377361393729795,0.03198558363755719,0.025876584174373007,0.0938511489756737,0.0790622427235427,0.026409506474407055,0.0541488729598264,0.053341214215876016,0.3140316578469717,0.06518052359674419,0.01269194108917803,0.06880721375273915,0.0259018952250572,0.030697695898243837,0.036162439526496525,0.013324147558386417,0.020411029048515383,0.018263406762157652,0.006033107101061979,0.011442428039462217
17949,0.008765957142700646,0.013218675123776422,0.005665832901492408,0.0032244923860773552,0.0014063578622773671,0.002902071370354218,0.04073732228495475,0.0004226339136857658,0.0010660110917435535,0.0021115431694815755,0.0011323634212792517,0.004010645233319745,0.001289270224703549,0.011818536935937101,0.0007940189744489979,0.0010160065652627523,0.02085464883985774,0.8654602068081311,0.013848430665598174,0.00025497508491763543
16748,0.018184659218213214,0.049125660497497614,0.10199903470308345,0.08013357239433419,0.05442323099710635,0.012584858151352084,0.00832423451462457,0.054958500514968714,0.03646928827293676,0.0386039712165947,0.017414031008291777,0.010429922109382195,0.057631129535863974,0.319071605422155,0.026659175900519416,0.035740553613852324,0.025813120977718804,0.0188571863142803,0.01441708020237912,0.019159184434845267
13848,0.006057527470487016,0.003933858310606843,0.0062014436680931815,0.0388967175545264,0.0171019355284736,0.02223614083987457,0.2279220174727484,0.09947795789420723,0.19409028258339128,0.011246374158931333,0.020174184724909047,0.023552167139508792,0.054483844882904066,0.02658064263086665,0.007009965974958507,0.0710855115937223,0.07689765112010404,0.01694201616371173,0.01499250297291126,0.061117257315063525
18301,0.023665667248292444,0.00450825954835614,0.041286319433823895,0.003323867747452709,0.005411260425742294,0.0011885536126707457,0.0003321307192087803,0.04436706660533366,0.042975491561446415,0.0461971237667215,0.07267860789103953,0.022212728667890702,0.007038287535043883,0.0658575037578258,0.030433843564870246,0.09763732009713398,0.16417526621628353,0.035607262905069194,0.28600801140266213,0.00509542729313245
11718,0.007704242470107185,0.08193462178900995,0.008205106388507289,0.021500632553294027,0.025052546040749572,0.684052404158528,0.016359747061080974,0.010259205251724683,0.02777545170911695,0.02476459044484172,0.009743006548526735,0.0034801191995827234,0.012713110819447492,0.030078153318516588,0.010273486541094548,0.0030685048614345375,0.0076701343214136365,0.0114311842811738,0.0020173024612855596,0.0019164497805642267
15361,0.00227198863212643,0.00021911868157546626,0.020298659305045732,0.0004973191535032101,0.020453888888367765,0.00020587846235457083,8.359390810796258e-05,0.02543307016902651,0.01065337082206462,0.05427762148217746,0.6966100998998159,0.01729494336359482,0.005581140996836448,0.0019154598774746238,0.021576862042713703,0.07774454017116392,0.02778476885966405,0.007861740327230167,0.006227964679323606,0.0030079702778330127
16839,0.021372074415192475,0.026333281106652392,0.022276352735281685,0.024161195758154567,0.02769505323100298,0.005909889273532146,0.021002463687075715,0.02775958030602542,0.004412104748573105,0.0037666737571167065,0.03087093090796677,0.01045272992042958,0.0682746894505266,0.04745132216404368,0.5556195073058409,0.051077142660842074,0.015956400579156847,0.009017169438091914,0.005453253365365029,0.02113818518912946
13557,0.01343743722200795,0.2541687296122187,0.020466921324436515,0.00785165275533595,0.04200052757781036,0.16617386444076623,0.05888882815378554,0.026319794359995995,0.05789662811511815,0.004905021228862397,0.006422466500590093,0.0805684826614805,0.03817058406968895,0.015343592159146841,0.032441468697052875,0.024519108499547613,0.07443202826433612,0.022028855142415132,0.021095474503810774,0.032868534711593365
15175,0.006549196289164841,0.029438424861722226,0.02669274143728741,0.022604901316711057,0.01875780073306952,0.029683981822194835,0.0017239708258673847,0.03041177250730122,0.08008481894965132,0.027591608549317588,0.523453636180527,0.02379869770992567,0.030644917307501934,0.025950011447080666,0.03218512282683267,0.008826953795373547,0.02772540231373745,0.013957164818296978,0.004481693544862806,0.03543718276357405
12553,0.005264195246474727,0.057794296642600204,0.029063803512552614,0.48896166040514116,0.12844138175809877,0.012249728396447035,0.07451969254730587,0.011857941317536603,0.015488264180406542,0.015129203563043283,0.019473343876066213,0.0052559885730327155,0.05924237537025712,0.012439868983893335,0.013857357817542557,0.007335679533882397,0.007572204212411948,0.015742913047462954,0.010715738216170457,0.009594362799673474
17345,0.06866442660500174,0.0007449235184564149,0.00010692144652332893,0.00015370597970092997,0.0001705336927350737,0.0001531545126538525,3.1654527034856416e-05,0.029605186979011416,0.0005387176578082431,0.00039362211981876,0.0002959415786459392,0.001091799176323812,0.00021019677131080974,0.005587669696865286,0.020439755547402814,0.7923826902106108,0.0025154903831701,0.0008444164757929607,0.0026806223027897287,0.0733885708183432
17642,0.005503647984663792,0.001121941276279596,0.0012517170668131892,0.004192785195023648,0.013624714537666276,0.004143746923714178,0.0006902191618964997,0.01851935698029363,0.006441460482149569,0.06486957856425452,0.0139480805299924,0.019938419760749893,0.024513423214802047,0.0019512466016378596,0.012735202776747903,0.00826102082921862,0.7584271654471366,0.0058605644318697305,0.0016659667002667936,0.0323397415348232
15814,0.00923808070154178,0.05754781580971938,0.013870922177147764,0.052831412926870006,0.04663095521679231,0.07095230867912661,0.0009443667265344767,0.007523890827676641,0.05133514537518927,0.02474596734444087,0.003984930293043405,0.548086579547595,0.034242994938514563,0.03624614351130529,0.028767399573239514,0.00475364177661812,0.004362188059827185,0.0015781322168294419,0.0018093633246942487,0.0005477609732940039
15988,0.020794691371742644,0.04290091591907474,0.015167349894380065,0.07940942851649974,0.04175812158486528,0.02144164809865307,0.02050972154847178,0.010696210586772772,0.006535491170018677,0.0019575873499927212,0.0015554106377220496,0.36010971404549036,0.32525488237670863,0.0040777478002147665,0.012825688669776476,0.009148341117402044,0.009403278969507404,0.005155912635276082,0.002914774458406516,0.00838308324902429
17157,0.05701315048490098,0.01869200731727349,0.0014109986338839576,0.023047326595510693,0.02642328854078659,0.004764664289680774,0.02825882278010598,0.017180540149549287,0.03684915459742232,0.015434981638313907,0.026146581544823782,0.006668552512217789,0.003835960216485733,0.009009736644224645,0.018423316658741546,0.5864771387980979,0.0771894504601092,0.014712528994414859,0.010754407503734992,0.017707391639721643
14824,0.006380857371404778,0.0451727937396188,0.002277050030712643,0.020393372996266593,0.014290071608242543,0.0014748776038165604,0.0017304967705832862,0.03913911490087547,0.013766820911569558,0.4877874141559185,0.16866202180492113,0.0071860348164812715,0.007610358467548194,0.03359691032672338,0.0165530542130257,0.09224866012557363,0.010143357562454162,0.013395091297015828,0.0045274711543176575,0.013664170142930022
16532,0.030668634673302785,0.035229545445881985,0.03650844178537516,0.004267813969440681,0.008994702314488578,0.038893792105520165,0.022021079469652823,0.019456758317273202,0.08047875268325128,0.04448567576513423,0.02661669073365323,0.02472003320687649,0.04611804413341282,0.39088164431740874,0.07112562906703859,0.03177492394912278,0.031304263392161455,0.014734074244280979,0.02937018897104554,0.012349311455678446
14862,0.00542066351991338,0.027013286960495285,0.06239881811577508,0.017386277643081198,0.019073527475867418,0.023569073950953052,0.0573400582052036,0.04337332138166203,0.038636581367610924,0.4533736730525999,0.09226801082135824,0.01341793456096833,0.02287102745289511,0.026859429967285242,0.03577325957608548,0.032484352043292024,0.006310917875097991,0.007575239505462364,0.01191744844328308,0.0029370980811105722
13330,0.01705995158241326,0.0882159316067356,0.04281647764784466,0.0342620489982411,0.04995898688588632,0.36097475771227877,0.015756876405497028,0.02997145569884009,0.06294054350320029,0.009326798826622186,0.048235862226959775,0.020473159973649156,0.07777796404109816,0.032910928793799595,0.0274665779923635,0.01014642502930654,0.007600081143066604,0.018417930427524154,0.0372939483234666,0.008393293181206596
16603,0.03369451409878291,0.018998702535149237,0.05356107552133665,0.030024669215289262,0.019392735661838297,0.02812238325050988,0.021258609681224956,0.10336849885088305,0.07852234624766917,0.023408197333915033,0.03107987689980298,0.026900666299854117,0.04599541352332586,0.29877570410639404,0.022736001836163713,0.03726420995204666,0.017239616599866742,0.02923114201659584,0.01362192520987213,0.06680371115947939
14965,0.016530123763579537,0.02164566947059487,0.0015725865065859157,0.00563670509334655,0.008479307251554593,0.0015467737191780984,0.00847821783526403,0.012797798392218793,0.05895754280821043,0.4421695380425386,0.13681910824722143,0.015663410004819696,0.01454515015818086,0.031856277548336136,0.10900701735523426,0.022284104010770363,0.019430167558998578,0.05692620711504056,0.012071381054123443,0.0035829140642031276
18545,0.038473381783621655,0.0005082880577904621,0.0005116549656560431,0.000840138340356604,0.0040553927650359535,0.0006473852721192297,0.00018421778780617742,0.027499715653670088,0.04278220105935091,0.0012231499086692032,0.001249035402375482,0.10080143899106556,0.005536649943971474,0.05308702437165546,0.01577701365303802,0.04294412890208594,0.14506258040823333,0.08928059078305661,0.41782093337167364,0.011715078578768143
12527,0.001554875900353567,0.019811525423755392,0.02475805873191431,0.2348938625116074,0.31096740157105424,0.02441238121726096,0.03415579344639621,0.005142402925352649,0.0232431702674887,0.002363587121733304,0.0030400751324070174,0.059902937510875595,0.21668127585926128,0.0034050800503808726,0.022501767441830335,0.0038914338351588597,0.005057670062198352,0.002154515860089491,0.0015818007431884183,0.0004803843876931988
12866,0.009609672897041692,0.08253325646419356,0.1293260695582505,0.017019249232603992,0.3158037366309713,0.13200862562490168,0.0276898721886721,0.03651909390864275,0.027108464305811097,0.00355612545705324,0.023615837504054625,0.017276694027234047,0.017233897401118987,0.07505804656726309,0.008532509245267184,0.04719026199281337,0.008563682827160751,0.009583947294207286,0.007363464268143324,0.004407492604595094
13468,0.0021710677989780257,0.0875394994624645,0.11268993730163919,0.021725687499384676,0.049186855574777415,0.5737241004575845,0.0074710741824765645,0.028928380311541053,0.009472633467503063,0.002064967496886752,0.0019380243888075862,0.0066831886261068014,0.01503173277161958,0.06169368407141729,0.0035684215157815893,0.0025998994514278137,0.008014656132133108,0.002897794145909977,0.0018356229146339685,0.0007627724289263145
13090,0.0018188729114788059,0.07386788468121074,0.11076956470587913,0.09072257005145756,0.3977485878835383,0.0415618470925279,0.051619777792667854,0.004607520924564369,0.014006632928286692,0.024114051842685592,0.0035102719616619156,0.007039420724860259,0.09641318540791628,0.03201990102067447,0.012051497446187005,0.016755535488299333,0.008315443998990604,0.00927795448335567,0.0028208040678059983,0.0009586745859515194
18605,0.04927310510985358,0.002284361269963367,0.0026129356393076084,0.0049022067792829005,0.024376949923121758,0.0019810597298288335,0.0017494946115856355,0.0048422059085018645,0.003020861941672313,0.00814791450791854,0.02772897419234811,0.07319418885854584,0.011626724972733638,0.07703633621007817,0.008683101065203265,0.015926133677419713,0.2203821504569214,0.0529101811068856,0.05721291264359073,0.3521082013952371
14228,0.013227248645958704,0.02831341477064831,0.01619982223152885,0.036876645970568084,0.04357711159790477,0.024420402216866765,0.0022485240654598147,0.5144637536939751,0.04362994909475241,0.039265365870053144,0.04259482908219824,0.01336257301445072,0.07536338574405499,0.01654819679970278,0.01675188237365968,0.05741290813764324,0.00723375334665816,0.004013800335474955,0.003172848600938629,0.0013235844075025276
18240,0.022764647601885953,0.04935977244582993,0.055375310174240584,0.028488007954243746,0.023066643945591412,0.022342264037897897,0.003604138366186395,0.023918892722390315,0.02775634073211342,0.025966037607890312,0.013697766262051783,0.05265085819309893,0.013692752422043944,0.01115234919560509,0.03973305387181509,0.027705136594764267,0.059294957527355405,0.40735905343173556,0.07622895056896055,0.01584306634429943
14515,0.003462271753860808,0.0234169748104243,0.003476192096174024,0.02581764722602476,0.07735559702607793,0.02373209230097101,0.04649717957997021,0.07935017301514008,0.4286107700845667,0.003911275266331157,0.01986272337420091,0.01144436257233466,0.006512000814681608,0.07236884689015234,0.039011776951055545,0.04408950959205569,0.03275287597892155,0.0041043309409758335,0.00942898973593147,0.044794409990149504
13642,0.004782031918994136,0.0875400709831592,0.01705341358465595,0.15363566924394365,0.2671568773074969,0.004532151966065006,0.21918971376003193,0.024388760218817935,0.030925773587573795,0.024317205728779028,0.014169103592055197,0.034031968498125474,0.03976078407013341,0.0060355665411072,0.015806764299488105,0.011097691688997035,0.01888185343907819,0.005304121636857063,0.005714171589590471,0.015676306345050357
12242,0.012272525252275719,0.005199139789415974,0.6841066120219023,0.08937455036759148,0.018817654329257305,0.014678056400669135,0.022430577603128492,0.022556367952431725,0.003949545465359873,0.004046394570826318,0.02269812736606229,0.005958146876360158,0.02433323664131893,0.003928565245074693,0.023505022204466375,0.02686693153105547,0.0043498844280630685,0.003620982882636142,0.002876814757214697,0.00443086431488969
15397,0.015689775582703132,0.027907314202213398,0.023166917435570325,0.011568428390305644,0.034605821760781634,0.0016502834928662606,0.0012872585592819251,0.03469890882184064,0.032334428616838884,0.12657210755210513,0.48463374818064064,0.004968109570420068,0.03453727516318906,0.060196941902187044,0.036039237674115675,0.01905210072319475,0.020010285491418856,0.009195118621188129,0.01803961389716969,0.0038463243619692986
18130,0.013969658343586194,6.389135233033758e-06,4.814497299135629e-06,6.510019073863308e-06,6.503916498132072e-06,6.038286806328628e-06,3.503089395371271e-06,1.5974886199990578e-05,1.4414818058888941e-05,1.2087677787755188e-05,0.0008069676238856768,3.4132010357833146e-05,9.308082154174673e-06,1.8235643925363843e-05,0.00121824809172201,6.380608057479196e-05,0.001861839733945507,0.9582703071327591,0.003006721739377473,0.020664539191359414
12864,0.03810263675763611,0.05212722248305101,0.037036774985318474,0.06557881963758261,0.22836261358616997,0.007777920452505806,0.0048064290198286475,0.09198804578146466,0.061799623166239145,0.03660974117152133,0.027869610112326984,0.015392967717701486,0.127705378700588,0.034049051489059276,0.02190577764395748,0.04177373276832679,0.0436526262584983,0.011667798065238082,0.03955595189357036,0.012237278309415319
16431,0.05717628381160122,0.005471288904447403,0.027510650345213616,0.004861331769366486,0.02646942793542966,0.04613980124743242,0.0006266864476920912,0.024237553825111547,0.052650560875870174,0.025525129338392613,0.038165046244071583,0.0189826643632748,0.010726788492311432,0.4103326431274742,0.01884469852486181,0.106813784456208,0.03304922202828031,0.046892863830630724,0.03775756227671301,0.007766012155617033
14805,0.02074119792249492,0.002259659538861712,0.0024134621499812743,0.003395667387800751,0.002799437115361265,0.00411510736292201,0.0020480919514207514,0.02114221423227956,0.04945304298725229,0.5531154562368529,0.1080131645489881,0.01087133110644109,0.02374966642582935,0.024337432468248637,0.03031129702605407,0.050878181495508414,0.037249342064991774,0.028293257427550955,0.017130648630176895,0.007682341920983316
15261,0.004094230609707017,0.005146937342129751,0.0018015398905865546,0.0032916200606017466,0.0052466734443257215,0.0012941849003287596,0.0005104648103302017,0.016836888032133027,0.051032374961962286,0.0753080341826167,0.6441940762125196,0.005204935549491955,0.004707593083544842,0.03586022494732046,0.013107249361162013,0.06715788283535808,0.01751899064915477,0.011178530021338132,0.006875795240838675,0.02963177386454977
11870,0.014499137555593589,0.5414818953191604,0.00504521087131046,0.018812990467651176,0.008604757707327,0.03547830624330842,0.0008150883649805696,0.03463077213832679,0.007041282489272793,0.02260333048629972,0.0022584680959761645,0.06956562082390468,0.12212292798611496,0.011165251206031294,0.014848147003846634,0.009095053098832843,0.029704888677395985,0.02262900405945507,0.008346093718349974,0.02125177368686157
16072,0.05802974609608487,0.001668865905422027,0.022848826012981032,0.06272070331162712,0.049181156660400585,0.023428604963053705,0.00032579653677090745,0.005026792810344185,0.003589174054998548,0.0011518365477108706,0.020992019827868566,0.2047671026042343,0.3623276619432374,0.008761711637460468,0.005237630170400652,0.056451410486124155,0.06039683322348185,0.011016984144713629,0.03771589735081539,0.004361245712269591
18056,0.11004372650290968,0.00042106247121031815,0.0005337866450422621,0.0007142660348403708,0.026254838084844013,0.0003953964864657704,7.117037247216354e-05,0.044320820880487624,0.0028645097260088653,0.021551292686076338,0.0016239092669433108,0.06752163303041782,0.0013628794893260777,0.029062392755649334,0.020151504508061354,0.099497015547127,0.18577424774229157,0.18125610347771687,0.17452866050806493,0.03205078378404429
18099,0.014172670714595126,0.014024581805332994,0.0496601527912085,0.003883590239610324,0.03167196046474131,0.012600854527439505,0.0007372955371071595,0.03216226801367862,0.012804877674561196,0.013025645115065564,0.009460799601940375,0.027589337334565183,0.0051801516369742165,0.0023786114283142635,0.0519725528297607,0.006901619280197851,0.03363035978682417,0.6325549984315568,0.03592779181648128,0.009659880970044653
15872,0.0005463086821697089,0.00858280904802291,0.00014553870608915016,0.00021672123246164324,0.0002449748930243131,0.0002027078284129096,5.126314082361046e-05,0.0004811059477779728,0.00034298757824679496,0.020241868621708153,0.00019710193074069468,0.5894621303964374,0.0015864846757104012,0.000396080651394025,0.0006230633287107563,0.004422896988938543,0.3026240566501357,0.00202893519586835,0.03577864304230997,0.0318243214610171
14641,0.013240859343364978,0.009469573751040213,0.015125202912060924,0.02071666411619632,0.03437907169382641,0.002808375110477058,0.04198965178108266,0.12167896104083174,0.49161794241264567,0.026501480736544722,0.00458578367672368,0.022181163084040056,0.046050173812051155,0.021184244551541345,0.020570239261250175,0.006953079259221246,0.033238615910510194,0.005817926856753263,0.04592372819950364,0.015967262490334578
14555,0.005925412779891422,0.03257394465022834,0.060304512849083065,0.04878282247812986,0.053267805866639935,0.03628119772423714,0.08302754214378912,0.05259382518841884,0.4127293716913132,0.03553664372617616,0.02324746924944742,0.009450988242600704,0.035728570677368274,0.03932360509442334,0.021161681637337004,0.02152670022650854,0.011916488393742524,0.00880163116180586,0.004720683428998304,0.0030991027898608866
18579,0.05790310434893627,0.021988829562790333,0.023023744800126564,0.03924638655205725,0.010730501351654919,0.03894468141037937,0.0013292741486896032,0.02681318224854817,0.023290169666916237,0.012502480883575393,0.04523912705722493,0.03949267639860278,0.034900562104518605,0.033605079596660835,0.022809511459027897,0.03068705580191964,0.016927225453501938,0.04202641777491898,0.4498657187063352,0.028674270673615405
18241,0.14622202179042568,0.002632470256505491,0.001414235188524174,0.0016647367712590692,0.004079223455158388,0.0024187070275381297,0.0007645984680610509,0.0158911637375544,0.028107894329024618,0.020357154234907474,0.027107979437256177,0.017121508343663053,0.02464441734996215,0.036372167909715813,0.02492493864047758,0.0666865504267247,0.04607258085037938,0.42450575660449513,0.06294124764348376,0.046070647534883685
17089,0.04151172564025825,0.023172829771863454,0.00317768278768059,0.036574991915663733,0.02770593184735054,0.0028274929151135613,0.02236353873677767,0.03512297887623441,0.004946594969174294,0.006476685172895158,0.019613659913490553,0.03737001271229898,0.01893575807180241,0.04744243444076766,0.5300639667291096,0.04961782386145089,0.018048328818231374,0.015638417253779246,0.01999228131079636,0.039396864255261135
14205,0.023248276162687962,0.005346617406914341,0.0019113884341025603,0.008862427037593252,0.026132385361790137,0.001448176261388066,0.020715143028134306,0.4097586515959912,0.23629957439906935,0.004693856600058173,0.0069363269088832565,0.013764492875917491,0.0503805965723266,0.02175207209176162,0.034265372058644154,0.06578487602373081,0.02258604116350799,0.01004721321635158,0.02623156807061725,0.009834944730530006
